423.87
433.31
403.96
437.23
416.99
385.65
428.95
419.07
474.44
473.75
475.32
432.64
481.64
479.49
539.11
523.19
499.65
464.74
441.72
412.76
449.22
454.70
458.14
479.02
467.92
499.65
458.93
473.55
465.57
492.94
488.26
501.16
499.08
497.44
500.09
463.39
414.58
408.04
359.00
348.05
343.94
385.16
415.20
368.16
340.86
306.89
239.47
343.94
198.24
212.17
208.26
199.00
338.86
258.54
271.31
263.15
301.74
306.18
325.75
296.61
310.05
359.91
316.07
338.86
458.62
376.07
355.66
332.30
348.81
307.49
349.24
372.64
390.12
411.82
440.51
458.62
437.36
449.56
439.60
410.35
386.94
355.79
338.82
386.49
373.32
364.44
408.94
424.17
438.64
413.39
368.37
385.46
383.72
396.18
382.27
367.03
374.35
384.06
412.73
426.63
563.83
444.36
474.43
468.63
477.78
457.70
490.83
507.09
510.25
535.03
529.18
563.83
586.75
575.97
599.59
635.93
607.55
645.25
638.48
640.86
