2.80
2.40
1.91
3.95
2.69
1.83
1.76
1.60
1.80
1.26
0.88
1.22
1.31
1.56
1.89
0.86
0.80
1.21
1.38
1.51
1.03
1.32
1.51
1.41
1.88
2.81
2.17
2.71
3.28
3.03
3.39
4.36
5.62
6.52
6.24
6.50
6.94
6.51
7.08
8.74
8.31
8.48
7.72
7.08
6.30
4.90
4.64
3.97
2.43
1.20
0.95
-1.56
-1.17
-1.50
-1.37
-1.67
-1.81
-1.20
-0.79
-0.53
0.56
1.86
1.53
2.70
2.37
2.81
3.06
2.95
3.30
3.48
3.61
4.40
5.10
4.59
4.91
4.94
5.38
5.34
5.51
6.36
6.45
6.15
6.10
5.50
4.22
4.07
4.55
3.16
3.59
3.37
3.00
2.20
1.78
2.04
1.91
1.72
2.04
2.52
2.03
3.22
2.07
2.39
2.10
2.67
2.67
2.57
3.05
3.21
3.02
2.50
2.49
1.95
2.38
1.80
2.48
2.34
2.29
1.99
1.63
1.60
