1173.82
1211.92
1181.27
1203.60
1180.59
1156.85
1191.50
1191.33
1234.18
1220.33
1228.81
1207.01
1249.48
1248.29
1280.08
1280.66
1294.83
1270.09
1270.20
1276.66
1303.82
1335.85
1377.94
1400.63
1418.30
1294.83
1438.24
1403.17
1424.55
1486.30
1536.34
1519.43
1465.81
1489.42
1547.04
1508.44
1472.42
1447.16
1395.42
1331.34
1370.18
1409.34
1385.67
1284.91
1260.31
1161.06
966.30
1370.18
816.21
931.80
825.44
700.82
1115.71
877.52
942.87
923.33
1002.63
998.04
1029.85
1042.88
1108.86
1132.99
1089.19
1115.71
1306.33
1202.26
1070.71
1027.37
1125.86
1080.29
1146.24
1184.38
1206.07
1271.87
1307.59
1306.33
1332.41
1361.22
1314.55
1339.67
1286.94
1204.42
1099.23
1218.28
1244.58
1277.06
1324.09
1374.09
1419.04
1405.82
1278.04
1365.51
1375.14
1404.94
1444.49
1427.59
1409.46
1462.42
1513.17
1518.20
1845.73
1582.70
1630.74
1640.42
1706.87
1639.77
1695.00
1761.64
1800.90
1831.98
1741.89
1845.73
1885.52
1883.68
1924.97
1973.32
1925.15
2002.28
1946.16
2017.81
