3.52
3.26
2.97
3.01
3.15
3.51
2.80
2.53
3.17
3.64
4.69
4.35
3.46
3.42
3.99
3.60
3.36
3.55
4.17
4.32
4.15
3.82
2.06
1.31
1.97
2.54
2.08
2.42
2.78
2.57
2.69
2.69
2.36
1.97
2.76
3.54
4.31
4.08
4.28
4.03
3.98
3.94
4.18
5.02
5.60
5.37
4.94
3.66
1.07
0.09
0.03
0.24
-0.38
-0.74
-1.28
-1.43
-2.10
-1.48
-1.29
-0.18
1.84
2.72
2.63
2.14
2.31
2.24
2.02
1.05
1.24
1.15
1.14
1.17
1.14
1.50
1.63
2.11
2.68
3.16
3.57
3.56
3.63
3.77
3.87
3.53
3.39
2.96
2.93
2.87
2.65
2.30
1.70
1.66
1.41
1.69
1.99
2.16
1.76
1.74
1.59
1.98
1.47
1.06
1.36
1.75
1.96
1.52
1.18
0.96
1.24
1.50
1.58
1.13
1.51
1.95
2.13
2.07
1.99
1.70
1.66
1.66
